44827
45439
94485
72198
80992
8880
40961
58765
46561
13418
41954
46782
92730
89229
25646
74288
25945
39876
8498
34684
62316
71331
59717
76893
44091
73241
19242
17476
39566
81293
25857
74343
39410
5505
27104
54003
23501
21110
88399
49740
31552
39998
19755
64624
37817
43427
15115
44327
7715
15248
61895
54759
54270
51332
63481
12362
94476
87810
6027
47551
79498
81226
4256
62734
25666
14781
21412
55205
65516
53535
4437
43442
91308
1312
36268
34289
46384
18097
9401
54249
29247
13115
23053
3875
16044
going.
6711
2795
41423
61398
82101
6050
48393
92208
51904
87044
28624
63192
23545
40515
23103
70434
7390
20271
31740
78535
35989
29825
11659
64706
87988
74795
20524
87330
44916
60177
87871
37289
96724
90279
2163
9562
38643
18798
78891
33498
62279
71399
15045
8069
37079
79882
45652
73655
78065
61771
5942
6035
77828
67323
26910
40417
85682
92559
1739
17576
42685
90502
71450
97694
94017
85831
45257
11892
34329
58457
5146
26066
24933
41245
80431
17847
11094
9862
41609
41464
64197
40975
68209
11817
21164
69656
65659
7912
46184
47588
66694
48488
35578
52755
53240
28779
87434
2893
38911
20228
96757
64222
63400
40331
87315
92607
50444
30541
35016
71847
66789
97961
91353
51744
63910
72575
12534
81770
96197
96075
30777
18330
85501
43650
4816
1268
65392
96042
54749
45080
35868
30075
55294
8621
12921
38256
73928
10196
59331
92375
54947
3971
53575
63322
87410
83513
31138
21816
73964
5672
46100
60609
97237
66321
57079
55261
21938
16501
59784
96205
56874
92975
31717
37395
8242
27211
95656
33886
5629
1417
3359
80075
35132
82930
35846
31785
41846
72387
59334
65520
93781
55840
80842
59022
23298
27709
96791
75635
52899
66831
peak.html
6711
2795
41423
61398
82101
6050
48393
92208
51904
87044
28624
63192
23545
40515
23103
70434
7390
20271
31740
78535
35989
29825
11659
64706
87988
74795
20524
87330
44916
60177
87871
37289
